﻿Date,Sales,SalesVar
31-12-2011,22,22
31-12-2012,23,1
31-12-2013,28,5
31-12-2014,25,-3
31-12-2015,24,-1
31-12-2016,26,2
31-12-2017,28,2
31-12-2018,30,2
31-12-2019,31,1
31-10-2020,25,-6
